kinematics:
  shoulder:
    x: 0
    y: 0
    z: 0.1625306124317702
    roll: -0
    pitch: 0
    yaw: -3.42490266772022e-08
  upper_arm:
    x: 0.0001397851992190297
    y: 0
    z: 0
    roll: 1.570339972529991
    pitch: 0
    yaw: 2.298942725000756e-06
  forearm:
    x: -0.4251083691195077
    y: 0
    z: 0
    roll: 3.139286247704431
    pitch: 3.140995916346541
    yaw: 3.141591797669422
  wrist_1:
    x: -0.3922424082361444
    y: -0.0006373683198174752
    z: 0.1335076681708184
    roll: 0.004773984045049208
    pitch: -0.0002017950677370196
    yaw: 2.746583173372451e-06
  wrist_2:
    x: 8.730251117259634e-05
    y: -0.09986500460525351
    z: 3.364074603915704e-05
    roll: 1.570459464598778
    pitch: 0
    yaw: 8.561899855590027e-07
  wrist_3:
    x: 2.168355930004379e-05
    y: 0.09971679915584845
    z: 2.172317663840817e-05
    roll: 1.571014175507236
    pitch: 3.141592653589793
    yaw: 3.141592650287305
  hash: calib_6231062752026331552